IAN 2022-09-22 18:00:00 12.3000 -66.3000 30 1006 -999 -999 -999 -999 -999 -999 -999 -999 -999 -999 -999 -999 70
IAN 2022-09-23 00:00:00 12.9000 -67.2000 30 1006 -999 -999 -999 -999 -999 -999 -999 -999 -999 -999 -999 -999 70
IAN 2022-09-23 06:00:00 13.7000 -68.1000 30 1006 -999 -999 -999 -999 -999 -999 -999 -999 -999 -999 -999 -999 60
IAN 2022-09-23 12:00:00 14.2000 -69.3000 30 1006 -999 -999 -999 -999 -999 -999 -999 -999 -999 -999 -999 -999 60
IAN 2022-09-23 18:00:00 14.6000 -70.6000 30 1006 -999 -999 -999 -999 -999 -999 -999 -999 -999 -999 -999 -999 60
IAN 2022-09-24 00:00:00 14.7000 -71.7000 35 1005 -999 -999 -999 30 -999 -999 -999 -999 -999 -999 -999 -999 30
IAN 2022-09-24 06:00:00 14.7000 -72.9000 35 1005 -999 -999 -999 30 -999 -999 -999 -999 -999 -999 -999 -999 30
IAN 2022-09-24 12:00:00 14.5000 -74.4000 40 1003 -999 -999 -999 50 -999 -999 -999 -999 -999 -999 -999 -999 30
IAN 2022-09-24 18:00:00 14.4000 -75.8000 40 1003 -999 -999 -999 50 -999 -999 -999 -999 -999 -999 -999 -999 30
IAN 2022-09-25 00:00:00 14.6000 -77.2000 40 1003 40 -999 -999 50 -999 -999 -999 -999 -999 -999 -999 -999 30
IAN 2022-09-25 06:00:00 14.6000 -78.3000 40 1003 40 -999 -999 50 -999 -999 -999 -999 -999 -999 -999 -999 30
IAN 2022-09-25 12:00:00 15.0000 -79.4000 40 1003 40 -999 -999 50 -999 -999 -999 -999 -999 -999 -999 -999 30
IAN 2022-09-25 18:00:00 15.8000 -80.1000 40 1003 40 -999 -999 50 -999 -999 -999 -999 -999 -999 -999 -999 30
IAN 2022-09-26 00:00:00 16.8000 -80.9000 50 991 60 60 -999 30 30 -999 -999 -999 -999 -999 -999 -999 30
IAN 2022-09-26 06:00:00 17.7000 -81.7000 65 985 70 70 30 70 30 30 -999 20 15 -999 -999 -999 15
IAN 2022-09-26 12:00:00 18.7000 -82.4000 70 981 90 80 40 90 40 40 -999 30 20 -999 -999 -999 15
IAN 2022-09-26 18:00:00 19.7000 -83.0000 80 976 100 90 60 90 50 50 20 30 30 25 -999 20 20
IAN 2022-09-27 00:00:00 20.8000 -83.3000 85 965 100 90 60 90 50 50 20 30 30 25 -999 20 20
IAN 2022-09-27 06:00:00 21.8000 -83.6000 100 956 100 100 70 90 50 50 30 40 30 25 20 20 15
IAN 2022-09-27 12:00:00 22.6000 -83.6000 100 963 120 120 100 120 60 60 50 60 30 25 20 20 15
IAN 2022-09-27 18:00:00 23.5000 -83.3000 105 951 120 120 100 120 60 60 50 60 35 35 20 20 15
IAN 2022-09-28 00:00:00 24.4000 -83.0000 105 947 120 120 100 120 60 60 50 60 35 35 20 20 20
IAN 2022-09-28 06:00:00 25.2000 -82.9000 120 945 120 130 100 150 70 60 60 70 35 35 30 35 20
IAN 2022-09-28 12:00:00 26.0000 -82.7000 140 937 120 140 100 150 70 60 70 80 40 40 30 40 20
IAN 2022-09-28 18:00:00 26.6000 -82.4000 135 938 130 150 100 150 50 60 70 80 30 40 30 45 20
IAN 2022-09-29 00:00:00 27.2000 -81.7000 100 960 180 120 120 220 50 60 50 70 30 40 30 45 20
IAN 2022-09-29 06:00:00 27.7000 -81.1000 65 985 360 120 150 200 60 50 40 70 30 -999 -999 30 20
IAN 2022-09-29 12:00:00 28.4000 -80.6000 60 987 360 120 150 200 60 50 40 70 -999 -999 -999 -999 40
IAN 2022-09-29 18:00:00 28.9000 -80.1000 65 986 360 140 150 200 60 -999 50 100 -999 -999 -999 40 40
IAN 2022-09-30 00:00:00 29.6000 -79.4000 70 986 420 150 120 220 60 80 80 120 -999 -999 40 60 40
IAN 2022-09-30 06:00:00 30.3000 -79.1000 75 984 420 130 100 160 80 60 80 120 -999 -999 40 60 40
IAN 2022-09-30 12:00:00 31.5000 -79.0000 75 980 240 130 120 140 80 60 80 80 40 -999 40 60 40
IAN 2022-09-30 18:00:00 33.3000 -79.2000 70 978 190 130 100 60 80 60 80 40 -999 30 40 -999 40
IAN 2022-10-01 00:00:00 34.4000 -79.3000 50 990 160 170 -999 -999 -999 90 -999 -999 -999 -999 -999 -999 80
IAN 2022-10-01 06:00:00 35.3000 -79.7000 30 999 -999 -999 -999 -999 -999 -999 -999 -999 -999 -999 -999 -999 180
