FIONA 2022-09-13 12:00:00 NR 14.8000 -44.3000 DB 20 1011 -999 -999 -999 -999 -999 -999 -999 -999 -999 -999 -999 -999 140
FIONA 2022-09-13 18:00:00 NR 15.1000 -45.5000 DB 20 1011 -999 -999 -999 -999 -999 -999 -999 -999 -999 -999 -999 -999 140
FIONA 2022-09-14 00:00:00 NR 15.5000 -46.6000 DB 25 1010 -999 -999 -999 -999 -999 -999 -999 -999 -999 -999 -999 -999 140
FIONA 2022-09-14 06:00:00 NR 16.0000 -47.9000 DB 25 1010 -999 -999 -999 -999 -999 -999 -999 -999 -999 -999 -999 -999 140
FIONA 2022-09-14 12:00:00 TS 16.4000 -49.1000 TD 30 1009 -999 -999 -999 -999 -999 -999 -999 -999 -999 -999 -999 -999 120
FIONA 2022-09-14 18:00:00 TS 16.6000 -50.1000 TS 35 1006 60 60 -999 -999 -999 -999 -999 -999 -999 -999 -999 -999 140
FIONA 2022-09-15 00:00:00 TS 16.6000 -51.3000 TS 45 1002 100 120 -999 -999 -999 -999 -999 -999 -999 -999 -999 -999 140
FIONA 2022-09-15 06:00:00 TS 16.5000 -52.4000 TS 45 1002 100 120 -999 -999 -999 -999 -999 -999 -999 -999 -999 -999 140
FIONA 2022-09-15 12:00:00 TS 16.4000 -53.6000 TS 45 1002 100 120 -999 -999 -999 -999 -999 -999 -999 -999 -999 -999 100
FIONA 2022-09-15 18:00:00 TS 16.3000 -54.8000 TS 50 1006 120 110 -999 100 30 -999 -999 -999 -999 -999 -999 -999 120
FIONA 2022-09-16 00:00:00 TS 16.1000 -56.2000 TS 50 1005 120 110 -999 100 30 -999 -999 -999 -999 -999 -999 -999 120
FIONA 2022-09-16 06:00:00 TS 15.8000 -57.5000 TS 50 1005 120 110 -999 100 30 -999 -999 -999 -999 -999 -999 -999 150
FIONA 2022-09-16 12:00:00 TS 15.8000 -58.8000 TS 45 1005 120 110 -999 100 -999 -999 -999 -999 -999 -999 -999 -999 150
FIONA 2022-09-16 18:00:00 TS 16.3000 -60.4000 TS 45 1005 120 110 -999 90 -999 -999 -999 -999 -999 -999 -999 -999 150
FIONA 2022-09-17 00:00:00 TS 16.4000 -61.6000 TS 50 1002 120 110 -999 90 30 -999 -999 -999 -999 -999 -999 -999 150
FIONA 2022-09-17 06:00:00 TS 16.3000 -62.6000 TS 50 1000 110 100 -999 80 50 -999 -999 -999 -999 -999 -999 -999 150
FIONA 2022-09-17 12:00:00 TS 16.2000 -63.1000 TS 50 1000 110 100 -999 80 50 -999 -999 -999 -999 -999 -999 -999 150
FIONA 2022-09-17 18:00:00 TS 16.6000 -64.1000 TS 50 1002 110 120 -999 80 30 -999 -999 -999 -999 -999 -999 -999 120
FIONA 2022-09-18 00:00:00 TS 16.4000 -64.7000 TS 50 997 110 120 30 80 30 -999 -999 -999 -999 -999 -999 -999 120
FIONA 2022-09-18 06:00:00 TS 16.9000 -65.5000 TS 55 994 110 120 30 80 50 -999 -999 -999 -999 -999 -999 -999 120
FIONA 2022-09-18 12:00:00 TS 17.2000 -66.2000 TS 60 991 110 120 30 80 50 -999 -999 -999 -999 -999 -999 -999 120
FIONA 2022-09-18 18:00:00 TS 17.8000 -66.9000 HU 75 986 110 120 30 80 50 50 -999 -999 25 25 -999 -999 120
FIONA 2022-09-19 00:00:00 TS 18.0000 -67.8000 HU 75 984 120 120 30 90 50 50 -999 30 25 25 -999 15 140
FIONA 2022-09-19 06:00:00 TS 18.2000 -68.4000 HU 80 977 120 130 50 90 50 50 -999 30 25 25 -999 15 140
FIONA 2022-09-19 12:00:00 TS 18.7000 -68.9000 HU 75 980 120 120 50 90 50 50 -999 30 25 25 -999 15 120
FIONA 2022-09-19 18:00:00 TS 19.6000 -69.5000 HU 85 972 120 120 50 100 50 50 -999 40 25 25 -999 20 120
FIONA 2022-09-20 00:00:00 TS 20.2000 -70.1000 HU 95 974 130 130 60 100 60 50 30 40 25 25 15 20 180
FIONA 2022-09-20 06:00:00 TS 20.8000 -70.7000 HU 100 967 130 130 60 100 60 50 40 50 25 25 20 25 180
FIONA 2022-09-20 12:00:00 TS 21.6000 -71.2000 HU 100 961 130 130 60 100 60 50 40 50 25 25 20 25 150
FIONA 2022-09-20 18:00:00 TS 22.3000 -71.7000 HU 100 959 130 130 80 120 70 60 40 60 30 25 20 25 160
FIONA 2022-09-21 00:00:00 TS 22.9000 -71.8000 HU 110 951 140 130 80 120 70 60 40 60 40 30 20 30 160
FIONA 2022-09-21 06:00:00 TS 23.5000 -71.8000 HU 115 942 140 130 80 120 70 60 40 60 40 30 20 30 160
FIONA 2022-09-21 12:00:00 TS 24.2000 -71.7000 HU 115 937 140 130 80 120 70 90 40 60 40 40 20 30 200
FIONA 2022-09-21 18:00:00 TS 25.1000 -71.6000 HU 115 937 140 170 80 120 70 90 40 60 40 40 20 30 210
FIONA 2022-09-22 00:00:00 TS 26.0000 -71.4000 HU 115 934 150 180 110 130 100 100 80 90 55 60 45 45 240
FIONA 2022-09-22 06:00:00 TS 26.8000 -71.0000 HU 115 934 150 180 130 150 100 100 80 100 55 60 45 45 240
FIONA 2022-09-22 12:00:00 TS 28.0000 -70.6000 HU 115 936 150 180 130 150 100 100 80 100 55 60 45 45 240
FIONA 2022-09-22 18:00:00 TS 29.6000 -69.9000 HU 115 936 180 240 130 150 110 110 80 100 60 60 45 50 270
FIONA 2022-09-23 00:00:00 TS 30.9000 -69.0000 HU 115 932 221 240 150 160 120 120 100 100 80 80 60 50 200
FIONA 2022-09-23 06:00:00 TS 32.5000 -67.8000 HU 110 936 250 300 150 160 120 120 100 100 80 100 60 50 200
FIONA 2022-09-23 12:00:00 TS 34.3000 -65.0000 HU 115 935 250 300 150 160 120 120 100 100 80 100 60 50 200
FIONA 2022-09-23 18:00:00 TS 37.5000 -61.6000 HU 110 940 250 300 150 200 120 120 100 120 80 100 60 80 180
FIONA 2022-09-24 00:00:00 ET 42.3000 -60.7000 EX 100 932 250 300 200 200 150 180 140 170 100 160 120 80 180
FIONA 2022-09-24 06:00:00 ET 45.1000 -61.1000 EX 85 933 275 350 350 275 180 220 200 170 100 150 120 80 300
FIONA 2022-09-24 12:00:00 ET 47.2000 -61.6000 EX 70 940 270 350 350 240 150 180 180 150 100 100 -999 -999 300
FIONA 2022-09-24 18:00:00 ET 47.7000 -60.9000 EX 60 952 270 360 480 210 120 150 150 120 -999 -999 -999 -999 300
